pattern_i,pattern_0,pattern_1,pattern_2,pattern_3,pattern_4,pattern_5,pattern_6,pattern_7,pattern_8,pattern_9,pattern_10,pattern_11,pattern_12,pattern_13,pattern_14,pattern_15,pattern_16,pattern_17,pattern_18,pattern_19,pattern_20,pattern_21,pattern_22,pattern_23,pattern_24,pattern_25,pattern_26,pattern_27,pattern_28,pattern_29,pattern_30,pattern_31,pattern_32,pattern_33,pattern_34,pattern_35,pattern_36,pattern_37,pattern_38,pattern_39,pattern_40,pattern_41,pattern_42,pattern_43,pattern_44,pattern_45,pattern_46,pattern_47,pattern_48,pattern_49,pattern_50,pattern_51,pattern_52,pattern_53,pattern_54,pattern_55,pattern_56,pattern_57,pattern_58,pattern_59,pattern_60,pattern_61,pattern_62,pattern_63,pattern_64,pattern_65,pattern_66,pattern_67,pattern_68,pattern_69,pattern_70,pattern_71,pattern_72,pattern_73,pattern_74,pattern_75,pattern_76,pattern_77,pattern_78,pattern_79,pattern_80,pattern_81,pattern_82,pattern_83,pattern_84,pattern_85,pattern_86,pattern_87,pattern_88,pattern_89,pattern_90,pattern_91,pattern_92,pattern_93,pattern_94,pattern_95,pattern_96,pattern_97,pattern_98,pattern_99,pattern_100,pattern_101,pattern_102,pattern_103,pattern_104,pattern_105,pattern_106,pattern_107,pattern_108,pattern_109,pattern_110,pattern_111,pattern_112,pattern_113,pattern_114,pattern_115,pattern_116,pattern_117,pattern_118,pattern_119,pattern_120,pattern_121,pattern_122,pattern_123,pattern_124,pattern_125,pattern_126,pattern_127
0,0.0,0.30743243243243246,0.2915268456375839,0.2808277027027027,0.33192567567567566,0.30125,0.32305743243243246,0.32802013422818793,0.26803691275167785,0.3074664429530201,0.2961409395973154,0.3125,0.33065878378378377,0.2936241610738255,0.2911073825503356,0.3091442953020134,0.28187919463087246,0.31756756756756754,0.2596476510067114,0.3158783783783784,0.3002533783783784,0.3187919463087248,0.28104026845637586,0.3091442953020134,0.30532094594594594,0.3103885135135135,0.28766556291390727,0.3188344594594595,0.27726510067114096,0.2939189189189189,0.3078547297297297,0.28565436241610737,0.30109797297297297,0.3158557046979866,0.29068791946308725,0.28208333333333335,0.28378378378378377,0.30405405405405406,0.29940878378378377,0.29265202702702703,0.2822986577181208,0.2783333333333333,0.2911073825503356,0.29446308724832215,0.33403716216216217,0.3263422818791946,0.31166107382550334,0.27307046979865773,0.35092905405405406,0.31165540540540543,0.30658783783783783,0.3061655405405405,0.3234797297297297,0.2829391891891892,0.2816722972972973,0.3141778523489933,0.32172818791946306,0.2875,0.30743243243243246,0.28505067567567566,0.3467060810810811,0.3095439189189189,0.2953020134228188,0.3158783783783784,0.285,0.3433277027027027,0.31798986486486486,0.31756756756756754,0.31334459459459457,0.2902684563758389,0.29572147651006714,0.26426174496644295,0.3015202702702703,0.30830536912751677,0.29833333333333334,0.30743243243243246,0.3095439189189189,0.3454391891891892,0.3171452702702703,0.30363175675675674,0.28505067567567566,0.3103885135135135,0.3179530201342282,0.2701342281879195,0.31967905405405406,0.3125,0.30827702702702703,0.28505067567567566,0.3158783783783784,0.29446308724832215,0.2791666666666667,0.29434121621621623,0.30996621621621623,0.30453020134228187,0.29265202702702703,0.29320469798657717,0.30996621621621623,0.3238255033557047,0.26929530201342283,0.29771959459459457,0.26174496644295303,0.2948825503355705,0.28885135135135137,0.26677852348993286,0.2846283783783784,0.3213087248322148,0.29138513513513514,0.3268581081081081,0.30125,0.29949664429530204,0.2973993288590604,0.3310810810810811,0.31333892617449666,0.29265202702702703,0.33572635135135137,0.29603040540540543,0.3091216216216216,0.29771959459459457,0.2898489932885906,0.3301174496644295,0.29068791946308725,0.3251689189189189,0.2989864864864865,0.3391047297297297,0.2837171052631579,0.31165540540540543,0.31669463087248323,0.3179530201342282
1,0.30743243243243246,0.0,0.26216442953020136,0.3103885135135135,0.30833333333333335,0.28942953020134227,0.26666666666666666,0.30743243243243246,0.27810402684563756,0.2673141891891892,0.2902684563758389,0.26875,0.2951858108108108,0.2846283783783784,0.2529560810810811,0.3296979865771812,0.28313758389261745,0.2829391891891892,0.26174496644295303,0.3137668918918919,0.28842905405405406,0.3002533783783784,0.24873310810810811,0.28505067567567566,0.3036912751677852,0.28313758389261745,0.29434121621621623,0.26803691275167785,0.29278523489932884,0.33488175675675674,0.28125,0.2915268456375839,0.30743243243243246,0.2758333333333333,0.27280405405405406,0.32728040540540543,0.29096283783783783,0.29603040540540543,0.28800675675675674,0.27291666666666664,0.3091216216216216,0.28859060402684567,0.29771959459459457,0.2797818791946309,0.29320469798657717,0.3061655405405405,0.31333892617449666,0.2504222972972973,0.3104026845637584,0.28885135135135137,0.30194256756756754,0.290976821192053,0.27938741721854304,0.31165540540540543,0.29771959459459457,0.2609797297297297,0.28885135135135137,0.29697986577181207,0.2588087248322148,0.28859060402684567,0.3146114864864865,0.26942567567567566,0.30743243243243246,0.27744932432432434,0.26984797297297297,0.3187919463087248,0.28481543624161076,0.3015939597315436,0.2951858108108108,0.28209459459459457,0.2936241610738255,0.27702702702702703,0.29446308724832215,0.27533783783783783,0.27618243243243246,0.2709731543624161,0.30109797297297297,0.3141778523489933,0.3125,0.2951858108108108,0.29541666666666666,0.27936241610738255,0.3015939597315436,0.26182432432432434,0.33305369127516776,0.28885135135135137,0.2998310810810811,0.23951342281879195,0.3066275167785235,0.28842905405405406,0.29771959459459457,0.30743243243243246,0.27166666666666667,0.29068791946308725,0.25461409395973156,0.25838926174496646,0.28505067567567566,0.27,0.26984797297297297,0.26309121621621623,0.3154560810810811,0.29265202702702703,0.2999161073825503,0.2842060810810811,0.28691275167785235,0.3310810810810811,0.26208333333333333,0.28547297297297297,0.3268581081081081,0.28505067567567566,0.25084459459459457,0.3028523489932886,0.28716216216216217,0.286493288590604,0.30869932432432434,0.2858952702702703,0.3015202702702703,0.25886824324324326,0.30236486486486486,0.2629166666666667,0.26166666666666666,0.3024328859060403,0.23083333333333333,0.2961409395973154,0.28800675675675674,0.2981418918918919,0.2816666666666667,0.3271812080536913
2,0.2915268456375839,0.26216442953020136,0.0,0.2652027027027027,0.3315033783783784,0.29138513513513514,0.27449324324324326,0.28505067567567566,0.2634228187919463,0.26216442953020136,0.28901006711409394,0.2829391891891892,0.27726510067114096,0.29265202702702703,0.24788851351351351,0.33192567567567566,0.27364864864864863,0.26942567567567566,0.2600671140939597,0.2998310810810811,0.2846283783783784,0.27364864864864863,0.2348993288590604,0.3032094594594595,0.2956081081081081,0.2643581081081081,0.27390939597315433,0.24748322147651006,0.26125,0.3137668918918919,0.28523489932885904,0.3129222972972973,0.30278716216216217,0.3062080536912752,0.27684563758389263,0.2961409395973154,0.2978187919463087,0.28378378378378377,0.2839765100671141,0.28691275167785235,0.2986577181208054,0.28378378378378377,0.2905405405405405,0.2808277027027027,0.2783333333333333,0.33319256756756754,0.2956081081081081,0.26942567567567566,0.296875,0.2688758389261745,0.28209459459459457,0.28625,0.28313758389261745,0.28631756756756754,0.27055369127516776,0.2808277027027027,0.25833333333333336,0.28885135135135137,0.29096283783783783,0.2829391891891892,0.274748322147651,0.2609797297297297,0.2860738255033557,0.257864238410596,0.26300335570469796,0.2841666666666667,0.25461409395973156,0.2951858108108108,0.30194256756756754,0.2613255033557047,0.2902684563758389,0.24662162162162163,0.2799831081081081,0.28439597315436244,0.2808277027027027,0.26013513513513514,0.2951858108108108,0.3099832214765101,0.29434121621621623,0.27364864864864863,0.30827702702702703,0.2516778523489933,0.29265202702702703,0.2668918918918919,0.28145973154362414,0.2722315436241611,0.2725,0.24746621621621623,0.32432432432432434,0.2529560810810811,0.2835570469798658,0.28673986486486486,0.2782939189189189,0.30236486486486486,0.28673986486486486,0.2789429530201342,0.2708333333333333,0.2998310810810811,0.26552013422818793,0.25844594594594594,0.28481543624161076,0.27541666666666664,0.2947635135135135,0.2668918918918919,0.28378378378378377,0.28800675675675674,0.28842905405405406,0.27576013513513514,0.2934966216216216,0.2802013422818792,0.24577702702702703,0.29011824324324326,0.28631756756756754,0.28040540540540543,0.29096283783783783,0.27666666666666667,0.2575503355704698,0.2690033783783784,0.2629166666666667,0.2816722972972973,0.2571308724832215,0.3091216216216216,0.24493243243243243,0.3154560810810811,0.2613255033557047,0.29265202702702703,0.2833614864864865,0.29194630872483224
3,0.2808277027027027,0.3103885135135135,0.2652027027027027,0.0,0.30827702702702703,0.3154560810810811,0.2822986577181208,0.30489864864864863,0.26984797297297297,0.2902684563758389,0.2964527027027027,0.30869932432432434,0.2961409395973154,0.29125,0.2571308724832215,0.30363175675675674,0.25802364864864863,0.28885135135135137,0.24203020134228187,0.29572147651006714,0.29434121621621623,0.2978187919463087,0.2858952702702703,0.32094594594594594,0.2947635135135135,0.2953020134228188,0.2782939189189189,0.26803691275167785,0.2951858108108108,0.3108108108108108,0.27348993288590606,0.3162751677852349,0.3099832214765101,0.3154560810810811,0.2795608108108108,0.286493288590604,0.29697986577181207,0.30996621621621623,0.26216442953020136,0.27307046979865773,0.28187919463087246,0.2688758389261745,0.2942880794701987,0.27618243243243246,0.30956375838926176,0.3103885135135135,0.30532094594594594,0.26478040540540543,0.3091442953020134,0.28378378378378377,0.29656040268456374,0.2722315436241611,0.29138513513513514,0.2711092715231788,0.2562919463087248,0.275,0.2654166666666667,0.27181208053691275,0.2939189189189189,0.3091442953020134,0.3053691275167785,0.2558724832214765,0.2808277027027027,0.27348993288590606,0.28859060402684567,0.3061655405405405,0.28313758389261745,0.29265202702702703,0.2625,0.27618243243243246,0.3078547297297297,0.24580536912751677,0.29096283783783783,0.28505067567567566,0.27407094594594594,0.2751677852348993,0.31798986486486486,0.30194256756756754,0.30701013513513514,0.27726510067114096,0.3002533783783784,0.30701013513513514,0.29011824324324326,0.26552013422818793,0.3002533783783784,0.2981418918918919,0.28209459459459457,0.2533783783783784,0.30327181208053694,0.27390939597315433,0.27069256756756754,0.2562919463087248,0.2902684563758389,0.313758389261745,0.28378378378378377,0.30574324324324326,0.27348993288590606,0.2860738255033557,0.2575503355704698,0.2525,0.27666666666666667,0.27069256756756754,0.2934966216216216,0.24958053691275167,0.2684563758389262,0.3260135135135135,0.27726510067114096,0.2709731543624161,0.3095833333333333,0.31334459459459457,0.2704166666666667,0.2956081081081081,0.2990771812080537,0.2816722972972973,0.32305743243243246,0.276006711409396,0.2646812080536913,0.25084459459459457,0.2827181208053691,0.29307432432432434,0.2660472972972973,0.3074664429530201,0.2713926174496644,0.33179530201342283,0.28547297297297297,0.28885135135135137,0.2816722972972973,0.3141891891891892
4,0.33192567567567566,0.30833333333333335,0.3315033783783784,0.30827702702702703,0.0,0.3458614864864865,0.32927852348993286,0.3293918918918919,0.30278716216216217,0.3221476510067114,0.31756756756756754,0.30791666666666667,0.3485738255033557,0.3467060810810811,0.3095439189189189,0.35346283783783783,0.2990771812080537,0.3264358108108108,0.27407094594594594,0.3233333333333333,0.2934966216216216,0.32010135135135137,0.31925675675675674,0.33305369127516776,0.32432432432432434,0.33305369127516776,0.32896959459459457,0.3025,0.33361486486486486,0.3162751677852349,0.3066275167785235,0.3302364864864865,0.33868243243243246,0.34755067567567566,0.3095439189189189,0.338506711409396,0.3277027027027027,0.30333333333333334,0.31798986486486486,0.295,0.2816666666666667,0.3061655405405405,0.32896959459459457,0.29823825503355705,0.3327702702702703,0.3171452702702703,0.33234797297297297,0.30869932432432434,0.3301174496644295,0.31921140939597314,0.3302364864864865,0.3268581081081081,0.33657094594594594,0.32221283783783783,0.30578859060402686,0.3171452702702703,0.3171452702702703,0.32559121621621623,0.32208333333333333,0.31756756756756754,0.3338926174496644,0.3146114864864865,0.31208053691275167,0.3264358108108108,0.3217905405405405,0.3277027027027027,0.33952702702702703,0.30453020134228187,0.3234060402684564,0.3188344594594595,0.3099832214765101,0.28927364864864863,0.3298141891891892,0.30743243243243246,0.2911073825503356,0.3036912751677852,0.28691275167785235,0.33234797297297297,0.34121621621621623,0.30453020134228187,0.31333892617449666,0.3045833333333333,0.3407939189189189,0.31503378378378377,0.359375,0.31925675675675674,0.3238255033557047,0.2940436241610738,0.32875,0.3217905405405405,0.30743243243243246,0.31967905405405406,0.31,0.32298657718120805,0.30375,0.3053691275167785,0.31630067567567566,0.3104166666666667,0.3129222972972973,0.3091216216216216,0.3247466216216216,0.3420608108108108,0.31833333333333336,0.30405405405405406,0.3175335570469799,0.35318791946308725,0.28481543624161076,0.3049496644295302,0.33530405405405406,0.3302364864864865,0.30578859060402686,0.3087248322147651,0.3188344594594595,0.3327702702702703,0.3589527027027027,0.30109797297297297,0.32559121621621623,0.2673841059602649,0.3450168918918919,0.33179530201342283,0.28885135135135137,0.3054635761589404,0.3015939597315436,0.33361486486486486,0.32221283783783783,0.3310810810810811,0.33530405405405406,0.359375
5,0.30125,0.28942953020134227,0.29138513513513514,0.3154560810810811,0.3458614864864865,0.0,0.29434121621621623,0.30869932432432434,0.2825,0.30788590604026844,0.3015939597315436,0.3120833333333333,0.3095439189189189,0.29940878378378377,0.29096283783783783,0.33319256756756754,0.30658783783783783,0.2782939189189189,0.28547297297297297,0.3217905405405405,0.3103885135135135,0.30201342281879195,0.28969594594594594,0.33699324324324326,0.29278523489932884,0.2783333333333333,0.2808333333333333,0.30405405405405406,0.2816722972972973,0.3422818791946309,0.2758333333333333,0.31958333333333333,0.3196308724832215,0.2898489932885906,0.30109797297297297,0.31503378378378377,0.3108221476510067,0.30743243243243246,0.31334459459459457,0.30411073825503354,0.31630067567567566,0.31543624161073824,0.30489864864864863,0.29771959459459457,0.30827702702702703,0.3408333333333333,0.3327702702702703,0.2622466216216216,0.3221476510067114,0.3011744966442953,0.296875,0.3154560810810811,0.3066275167785235,0.29949664429530204,0.2922297297297297,0.2922297297297297,0.32052364864864863,0.3066275167785235,0.3234797297297297,0.29041666666666666,0.27958333333333335,0.28187919463087246,0.311241610738255,0.30278716216216217,0.27936241610738255,0.3024328859060403,0.3024328859060403,0.29307432432432434,0.28927364864864863,0.27291666666666664,0.3053691275167785,0.26942567567567566,0.31165540540540543,0.3061655405405405,0.29697986577181207,0.27348993288590606,0.3150167785234899,0.31833333333333336,0.295,0.29572147651006714,0.30363175675675674,0.3087248322147651,0.30658783783783783,0.30574324324324326,0.31416666666666665,0.29138513513513514,0.32052364864864863,0.28842905405405406,0.3313758389261745,0.2789429530201342,0.2777317880794702,0.29446308724832215,0.30743243243243246,0.29697986577181207,0.2873322147651007,0.28439597315436244,0.29603040540540543,0.3104026845637584,0.2905405405405405,0.25886824324324326,0.3091216216216216,0.28291666666666665,0.3221476510067114,0.28800675675675674,0.30236486486486486,0.28269867549668876,0.30574324324324326,0.2981418918918919,0.3234797297297297,0.3091216216216216,0.2684563758389262,0.3078547297297297,0.3120777027027027,0.2789429530201342,0.2916666666666667,0.3250838926174497,0.3141891891891892,0.28378378378378377,0.30194256756756754,0.28673986486486486,0.2873322147651007,0.3424831081081081,0.2600671140939597,0.32676174496644295,0.28583333333333333,0.3141891891891892,0.32172818791946306,0.3015939597315436
6,0.32305743243243246,0.26666666666666666,0.27449324324324326,0.2822986577181208,0.32927852348993286,0.29434121621621623,0.0,0.2961409395973154,0.2858952702702703,0.30405405405405406,0.3061655405405405,0.27558724832214765,0.3188344594594595,0.28927364864864863,0.2609797297297297,0.34395973154362414,0.26048657718120805,0.2902684563758389,0.25375,0.30996621621621623,0.27768456375838924,0.2923657718120805,0.23993288590604026,0.3112331081081081,0.28062080536912754,0.28040540540540543,0.30532094594594594,0.27449324324324326,0.29656040268456374,0.3158783783783784,0.28,0.32390202702702703,0.30109797297297297,0.3120777027027027,0.29180743243243246,0.32136824324324326,0.2989864864864865,0.29572147651006714,0.30194256756756754,0.2833614864864865,0.30532094594594594,0.30489864864864863,0.3171452702702703,0.27449324324324326,0.29041666666666666,0.2925,0.2785234899328859,0.25922818791946306,0.28833333333333333,0.2775,0.30447635135135137,0.27541666666666664,0.2920833333333333,0.29307432432432434,0.28885135135135137,0.28631756756756754,0.26625,0.2898489932885906,0.29096283783783783,0.30041666666666667,0.27936241610738255,0.26309121621621623,0.28800675675675674,0.2934966216216216,0.27576013513513514,0.30788590604026844,0.28901006711409394,0.2936241610738255,0.28901006711409394,0.2842060810810811,0.3108108108108108,0.26055743243243246,0.2749155405405405,0.27744932432432434,0.2934966216216216,0.2625838926174497,0.32088926174496646,0.3146114864864865,0.2948825503355705,0.2816722972972973,0.28583333333333333,0.28631756756756754,0.32172818791946306,0.27407094594594594,0.31291946308724833,0.30067567567567566,0.2989864864864865,0.24874161073825504,0.3327702702702703,0.2985641891891892,0.27576013513513514,0.287751677852349,0.26708333333333334,0.27744932432432434,0.28378378378378377,0.29096283783783783,0.2816722972972973,0.2989864864864865,0.29138513513513514,0.25625,0.30278716216216217,0.27702702702702703,0.30574324324324326,0.28378378378378377,0.27348993288590606,0.3108221476510067,0.2940436241610738,0.2981418918918919,0.3091216216216216,0.28716216216216217,0.2764261744966443,0.32305743243243246,0.2972972972972973,0.26208333333333333,0.30453020134228187,0.2948825503355705,0.26971476510067116,0.2639358108108108,0.30574324324324326,0.2846283783783784,0.2858952702702703,0.28021523178807944,0.26971476510067116,0.3264358108108108,0.3112331081081081,0.31756756756756754,0.2981418918918919,0.31669463087248323
7,0.32802013422818793,0.30743243243243246,0.28505067567567566,0.30489864864864863,0.3293918918918919,0.30869932432432434,0.2961409395973154,0.0,0.2785234899328859,0.32094594594594594,0.33319256756756754,0.32172818791946306,0.30827702702702703,0.32305743243243246,0.2898489932885906,0.3263422818791946,0.2901490066225166,0.2709731543624161,0.29011824324324326,0.32010135135135137,0.3183724832214765,0.3175335570469799,0.27558724832214765,0.3125,0.2911073825503356,0.3213087248322148,0.3129222972972973,0.29656040268456374,0.2998310810810811,0.3268581081081081,0.2873322147651007,0.3374155405405405,0.33431208053691275,0.3158557046979866,0.31672297297297297,0.33065878378378377,0.3264358108108108,0.31756756756756754,0.2922297297297297,0.30405405405405406,0.2991666666666667,0.3238255033557047,0.3171452702702703,0.25666666666666665,0.2986577181208054,0.328125,0.3271812080536913,0.29446308724832215,0.32432432432432434,0.3015202702702703,0.3099832214765101,0.3002533783783784,0.3213087248322148,0.3217905405405405,0.26971476510067116,0.30658783783783783,0.2898489932885906,0.27055369127516776,0.33361486486486486,0.32263513513513514,0.2829391891891892,0.2875844594594595,0.30453020134228187,0.28,0.31,0.28673986486486486,0.30363175675675674,0.28125,0.29138513513513514,0.3234797297297297,0.3015939597315436,0.2795608108108108,0.32010135135135137,0.3078547297297297,0.2998310810810811,0.2961409395973154,0.3099832214765101,0.3028523489932886,0.2998310810810811,0.26971476510067116,0.2922297297297297,0.32052364864864863,0.33319256756756754,0.30033557046979864,0.33826013513513514,0.27768456375838924,0.30201342281879195,0.2816666666666667,0.31166107382550334,0.2725,0.28631756756756754,0.2902684563758389,0.30658783783783783,0.3125,0.30532094594594594,0.28583333333333333,0.3158783783783784,0.3036912751677852,0.2905405405405405,0.26708333333333334,0.30447635135135137,0.32010135135135137,0.3104026845637584,0.2541390728476821,0.274748322147651,0.31333892617449666,0.32390202702702703,0.2802013422818792,0.3304166666666667,0.3108221476510067,0.28859060402684567,0.32843959731543626,0.3095439189189189,0.28439597315436244,0.3061655405405405,0.30701013513513514,0.29011824324324326,0.28209459459459457,0.28375,0.3104026845637584,0.28378378378378377,0.33530405405405406,0.2634228187919463,0.3247466216216216,0.2816722972972973,0.31756756756756754,0.31291946308724833,0.3268581081081081
8,0.26803691275167785,0.27810402684563756,0.2634228187919463,0.26984797297297297,0.30278716216216217,0.2825,0.2858952702702703,0.2785234899328859,0.0,0.28565436241610737,0.2791385135135135,0.27407094594594594,0.29446308724832215,0.28716216216216217,0.22083333333333333,0.3146114864864865,0.26929530201342283,0.2668918918918919,0.23817567567567569,0.2956081081081081,0.27181208053691275,0.29265202702702703,0.24958053691275167,0.28505067567567566,0.28631756756756754,0.2766047297297297,0.25671140939597314,0.245,0.25886824324324326,0.296875,0.2537751677852349,0.3158783783783784,0.28041666666666665,0.27708333333333335,0.26929530201342283,0.2956081081081081,0.28691275167785235,0.2688758389261745,0.22583333333333333,0.2825168918918919,0.2688758389261745,0.2537251655629139,0.2782939189189189,0.2651006711409396,0.27576013513513514,0.29541666666666666,0.2972972972972973,0.25,0.28187919463087246,0.26375,0.28208333333333335,0.27280405405405406,0.2829391891891892,0.2688758389261745,0.26309121621621623,0.2685810810810811,0.28716216216216217,0.2529166666666667,0.2785234899328859,0.274748322147651,0.2846283783783784,0.2671979865771812,0.27936241610738255,0.25922818791946306,0.28041666666666665,0.29940878378378377,0.2723509933774834,0.2905405405405405,0.28062080536912754,0.265,0.27810402684563756,0.24535472972972974,0.2625,0.27111486486486486,0.2766047297297297,0.276006711409396,0.2860738255033557,0.3020833333333333,0.2842060810810811,0.23083333333333333,0.2816722972972973,0.27897350993377484,0.28040540540540543,0.2520833333333333,0.2986577181208054,0.29194630872483224,0.2688758389261745,0.2609060402684564,0.3129222972972973,0.24790268456375839,0.24916666666666668,0.24125,0.26375,0.3061655405405405,0.2609060402684564,0.2575,0.286493288590604,0.25625,0.2504222972972973,0.27111486486486486,0.28378378378378377,0.28969594594594594,0.27390939597315433,0.24788851351351351,0.2785234899328859,0.2822986577181208,0.2571308724832215,0.25461409395973156,0.3002533783783784,0.27390939597315433,0.26815878378378377,0.2719594594594595,0.2789429530201342,0.2808277027027027,0.29656040268456374,0.25875,0.26803691275167785,0.23238255033557048,0.2842060810810811,0.2981418918918919,0.25253378378378377,0.28481543624161076,0.25802364864864863,0.30194256756756754,0.24874161073825504,0.26593959731543626,0.28691275167785235,0.30583333333333335
9,0.3074664429530201,0.2673141891891892,0.26216442953020136,0.2902684563758389,0.3221476510067114,0.30788590604026844,0.30405405405405406,0.32094594594594594,0.28565436241610737,0.0,0.2978187919463087,0.2825168918918919,0.28691275167785235,0.29697986577181207,0.26942567567567566,0.3309563758389262,0.3103885135135135,0.2709731543624161,0.25591216216216217,0.31967905405405406,0.3024328859060403,0.29823825503355705,0.22847682119205298,0.29771959459459457,0.3264358108108108,0.29434121621621623,0.274748322147651,0.29307432432432434,0.30327181208053694,0.3188344594594595,0.30109797297297297,0.30236486486486486,0.31208053691275167,0.28859060402684567,0.2822986577181208,0.28958333333333336,0.29180743243243246,0.30201342281879195,0.28673986486486486,0.2516778523489933,0.3024328859060403,0.28125,0.2989864864864865,0.29434121621621623,0.30743243243243246,0.3032094594594595,0.30701013513513514,0.2795608108108108,0.3154166666666667,0.287751677852349,0.33319256756756754,0.28209459459459457,0.3095439189189189,0.3141891891891892,0.3011744966442953,0.2875844594594595,0.296875,0.2936241610738255,0.30658783783783783,0.28691275167785235,0.3066275167785235,0.2951858108108108,0.2980132450331126,0.26552013422818793,0.2986577181208054,0.31291946308724833,0.30201342281879195,0.32432432432432434,0.29541666666666666,0.2673841059602649,0.3264358108108108,0.27871621621621623,0.29096283783783783,0.2835570469798658,0.30827702702702703,0.28817114093959734,0.29041666666666666,0.32390202702702703,0.3154560810810811,0.2940436241610738,0.30701013513513514,0.26416666666666666,0.30067567567567566,0.26216442953020136,0.31083333333333335,0.2679166666666667,0.313758389261745,0.27238175675675674,0.29346026490066224,0.29603040540540543,0.3002533783783784,0.30363175675675674,0.27768456375838924,0.29180743243243246,0.27291666666666664,0.257864238410596,0.28691275167785235,0.29823825503355705,0.29096283783783783,0.2673141891891892,0.28583333333333333,0.31756756756756754,0.29656040268456374,0.287751677852349,0.2873322147651007,0.30827702702702703,0.2722315436241611,0.30067567567567566,0.3032094594594595,0.29320469798657717,0.27576013513513514,0.2986577181208054,0.2972972972972973,0.3108108108108108,0.3066275167785235,0.2504139072847682,0.28716216216216217,0.27618243243243246,0.2972972972972973,0.3217905405405405,0.28439597315436244,0.3302364864864865,0.2873322147651007,0.31125,0.2911073825503356,0.311241610738255,0.28673986486486486,0.32166666666666666
10,0.2961409395973154,0.2902684563758389,0.28901006711409394,0.2964527027027027,0.31756756756756754,0.3015939597315436,0.3061655405405405,0.33319256756756754,0.2791385135135135,0.2978187919463087,0.0,0.3120777027027027,0.328125,0.32822847682119205,0.2998310810810811,0.3572635135135135,0.31165540540540543,0.32052364864864863,0.26300335570469796,0.3285472972972973,0.3095439189189189,0.32298657718120805,0.28842905405405406,0.3420608108108108,0.30869932432432434,0.29572147651006714,0.2973993288590604,0.30658783783783783,0.287751677852349,0.3145833333333333,0.3103885135135135,0.3347315436241611,0.28859060402684567,0.2986577181208054,0.2911073825503356,0.3351510067114094,0.33065878378378377,0.3112331081081081,0.3032094594594595,0.28375,0.30658783783783783,0.2835570469798658,0.30447635135135137,0.29307432432432434,0.3145833333333333,0.31967905405405406,0.2978187919463087,0.2791385135135135,0.3310810810810811,0.3217905405405405,0.32136824324324326,0.31967905405405406,0.31669463087248323,0.3112331081081081,0.30996621621621623,0.29949664429530204,0.3145973154362416,0.313758389261745,0.28208333333333335,0.3074664429530201,0.32298657718120805,0.2973993288590604,0.29265202702702703,0.285,0.3129222972972973,0.3225,0.3137668918918919,0.34375,0.32390202702702703,0.2891666666666667,0.3217905405405405,0.2825,0.3141891891891892,0.30830536912751677,0.3264358108108108,0.2978187919463087,0.3125,0.33682885906040266,0.3416385135135135,0.27958333333333335,0.3025,0.2981418918918919,0.29,0.29138513513513514,0.3264358108108108,0.32094594594594594,0.3154560810810811,0.2808277027027027,0.31333892617449666,0.28800675675675674,0.2902684563758389,0.2953020134228188,0.2775,0.3125,0.2985641891891892,0.29697986577181207,0.29320469798657717,0.31672297297297297,0.28481543624161076,0.29194630872483224,0.28716216216216217,0.31756756756756754,0.2839765100671141,0.3095439189189189,0.30125,0.32052364864864863,0.2989864864864865,0.3095439189189189,0.3188344594594595,0.3251689189189189,0.30236486486486486,0.3011744966442953,0.32559121621621623,0.2726510067114094,0.3576858108108108,0.2985641891891892,0.31543624161073824,0.3061655405405405,0.3327702702702703,0.30327181208053694,0.2911073825503356,0.32263513513513514,0.26958333333333334,0.34797297297297297,0.3062080536912752,0.2940436241610738,0.3125,0.35388513513513514
11,0.3125,0.26875,0.2829391891891892,0.30869932432432434,0.30791666666666667,0.3120833333333333,0.27558724832214765,0.32172818791946306,0.27407094594594594,0.2825168918918919,0.3120777027027027,0.0,0.3103885135135135,0.2684563758389262,0.28145973154362414,0.3327702702702703,0.286493288590604,0.2964527027027027,0.26942567567567566,0.32432432432432434,0.30743243243243246,0.3179530201342282,0.24704391891891891,0.30996621621621623,0.32172818791946306,0.2936241610738255,0.3032094594594595,0.28885135135135137,0.29446308724832215,0.3374155405405405,0.29068791946308725,0.28683774834437087,0.3104026845637584,0.3108221476510067,0.2915268456375839,0.31967905405405406,0.30869932432432434,0.296875,0.28481543624161076,0.27768456375838924,0.3112331081081081,0.30743243243243246,0.3137668918918919,0.29265202702702703,0.3103885135135135,0.30578859060402686,0.30489864864864863,0.29011824324324326,0.3158557046979866,0.28145973154362414,0.30109797297297297,0.287751677852349,0.26916666666666667,0.2806291390728477,0.29138513513513514,0.3091216216216216,0.2953020134228188,0.3137668918918919,0.2978187919463087,0.3061655405405405,0.2898489932885906,0.2999161073825503,0.3108108108108108,0.3108108108108108,0.30201342281879195,0.3315033783783784,0.2986577181208054,0.3137668918918919,0.3070469798657718,0.30574324324324326,0.28708333333333336,0.296875,0.2690033783783784,0.29940878378378377,0.28125,0.28885135135135137,0.30447635135135137,0.33431208053691275,0.33305369127516776,0.29823825503355705,0.3078547297297297,0.2727649006622517,0.33319256756756754,0.28547297297297297,0.3268581081081081,0.3158783783783784,0.29603040540540543,0.26677852348993286,0.3259228187919463,0.2998310810810811,0.2951858108108108,0.29823825503355705,0.28313758389261745,0.3183724832214765,0.2766047297297297,0.24958053691275167,0.2985641891891892,0.3061655405405405,0.30453020134228187,0.28062080536912754,0.30869932432432434,0.3091216216216216,0.29263245033112584,0.2609060402684564,0.28523489932885904,0.3145973154362416,0.2822986577181208,0.30278716216216217,0.3154166666666667,0.25666666666666665,0.2816722972972973,0.31967905405405406,0.28631756756756754,0.31503378378378377,0.3315033783783784,0.2827181208053691,0.29011824324324326,0.27238175675675674,0.32136824324324326,0.30405405405405406,0.28885135135135137,0.28541666666666665,0.2922297297297297,0.3087248322147651,0.30405405405405406,0.2911073825503356,0.2777317880794702,0.3264358108108108
12,0.33065878378378377,0.2951858108108108,0.27726510067114096,0.2961409395973154,0.3485738255033557,0.3095439189189189,0.3188344594594595,0.30827702702702703,0.29446308724832215,0.28691275167785235,0.328125,0.3103885135135135,0.0,0.3112331081081081,0.2685810810810811,0.33994932432432434,0.2875844594594595,0.28313758389261745,0.28040540540540543,0.31798986486486486,0.30996621621621623,0.2708333333333333,0.24166666666666667,0.24793046357615894,0.3188344594594595,0.32221283783783783,0.27055369127516776,0.28969594594594594,0.30405405405405406,0.30996621621621623,0.27166666666666667,0.3344594594594595,0.33614864864864863,0.31208053691275167,0.3315033783783784,0.29603040540540543,0.30666666666666664,0.29603040540540543,0.28875,0.3074664429530201,0.3310810810810811,0.30447635135135137,0.3183724832214765,0.28104026845637586,0.2839765100671141,0.3374155405405405,0.34459459459459457,0.2749155405405405,0.3125,0.29307432432432434,0.29875,0.2948825503355705,0.32136824324324326,0.3251689189189189,0.2998310810810811,0.27407094594594594,0.3061655405405405,0.30489864864864863,0.31958333333333333,0.2947635135135135,0.29583333333333334,0.29823825503355705,0.3315033783783784,0.27558724832214765,0.29791666666666666,0.29194630872483224,0.2945833333333333,0.2978187919463087,0.27618243243243246,0.2827181208053691,0.3087248322147651,0.29265202702702703,0.28708333333333336,0.30363175675675674,0.27458333333333335,0.30489864864864863,0.31925675675675674,0.3125,0.30574324324324326,0.2833614864864865,0.30405405405405406,0.3137668918918919,0.2999161073825503,0.2923657718120805,0.34375,0.2964527027027027,0.28481543624161076,0.30869932432432434,0.33598993288590606,0.25458333333333333,0.30701013513513514,0.296875,0.3150167785234899,0.2789429530201342,0.32094594594594594,0.3024328859060403,0.28291666666666665,0.30788590604026844,0.27348993288590606,0.29265202702702703,0.3049496644295302,0.29068791946308725,0.32052364864864863,0.296875,0.28481543624161076,0.29791666666666666,0.30658783783783783,0.2782939189189189,0.31333892617449666,0.30411073825503354,0.26803691275167785,0.3108108108108108,0.29603040540540543,0.30109797297297297,0.31083333333333335,0.3150167785234899,0.29180743243243246,0.26929530201342283,0.29434121621621623,0.29320469798657717,0.26942567567567566,0.32802013422818793,0.2685810810810811,0.30574324324324326,0.30236486486486486,0.2799831081081081,0.2999161073825503,0.30033557046979864
13,0.2936241610738255,0.2846283783783784,0.29265202702702703,0.29125,0.3467060810810811,0.29940878378378377,0.28927364864864863,0.32305743243243246,0.28716216216216217,0.29697986577181207,0.32822847682119205,0.2684563758389262,0.3112331081081081,0.0,0.27702702702702703,0.3213087248322148,0.28691275167785235,0.2985641891891892,0.25833333333333336,0.2978187919463087,0.2985641891891892,0.3108108108108108,0.255,0.29138513513513514,0.31921140939597314,0.29771959459459457,0.27407094594594594,0.2873322147651007,0.28800675675675674,0.3264358108108108,0.3002533783783784,0.2701342281879195,0.30788590604026844,0.3053691275167785,0.30363175675675674,0.2915268456375839,0.29278523489932884,0.30743243243243246,0.2973993288590604,0.30194256756756754,0.31166666666666665,0.3103885135135135,0.2991666666666667,0.2827181208053691,0.3141891891891892,0.31967905405405406,0.32094594594594594,0.2702702702702703,0.3171452702702703,0.2701342281879195,0.29771959459459457,0.28547297297297297,0.30541666666666667,0.29541666666666666,0.2654166666666667,0.26862582781456956,0.3095439189189189,0.3032094594594595,0.2980132450331126,0.27390939597315433,0.2925,0.2658333333333333,0.28859060402684567,0.30583333333333335,0.31165540540540543,0.3277027027027027,0.3091216216216216,0.2964527027027027,0.3087248322147651,0.3146114864864865,0.3066275167785235,0.25708333333333333,0.2998310810810811,0.2875844594594595,0.2922297297297297,0.29446308724832215,0.3137668918918919,0.3145973154362416,0.2822986577181208,0.28565436241610737,0.3087248322147651,0.2999161073825503,0.3141891891891892,0.28523489932885904,0.32843959731543626,0.2998310810810811,0.30109797297297297,0.28800675675675674,0.311241610738255,0.2972972972972973,0.2998310810810811,0.2978187919463087,0.29833333333333334,0.3002533783783784,0.2839765100671141,0.2829391891891892,0.30830536912751677,0.29194630872483224,0.2948825503355705,0.2789429530201342,0.30375,0.2998310810810811,0.3171452702702703,0.26490066225165565,0.2835570469798658,0.30447635135135137,0.3078547297297297,0.28187919463087246,0.3025,0.29194630872483224,0.27322635135135137,0.31291946308724833,0.26666666666666666,0.29949664429530204,0.30869932432432434,0.3141891891891892,0.2683333333333333,0.2766047297297297,0.2934966216216216,0.2986577181208054,0.28800675675675674,0.32052364864864863,0.2835570469798658,0.3078547297297297,0.296875,0.2961409395973154,0.2825168918918919,0.286493288590604
14,0.2911073825503356,0.2529560810810811,0.24788851351351351,0.2571308724832215,0.3095439189189189,0.29096283783783783,0.2609797297297297,0.2898489932885906,0.22083333333333333,0.26942567567567566,0.2998310810810811,0.28145973154362414,0.2685810810810811,0.27702702702702703,0.0,0.3158783783783784,0.25838926174496646,0.2635135135135135,0.24324324324324326,0.3028523489932886,0.28062080536912754,0.2822986577181208,0.23280201342281878,0.28040540540540543,0.30067567567567566,0.2722315436241611,0.2766047297297297,0.23208333333333334,0.27618243243243246,0.2940436241610738,0.26552013422818793,0.3112331081081081,0.286493288590604,0.30363175675675674,0.27558724832214765,0.2985641891891892,0.29446308724832215,0.27166666666666667,0.2626689189189189,0.26300335570469796,0.29603040540540543,0.27181208053691275,0.28817114093959734,0.2652027027027027,0.27153716216216217,0.31166107382550334,0.2973993288590604,0.2529560810810811,0.2860738255033557,0.26174496644295303,0.27625,0.27533783783783783,0.3015202702702703,0.29096283783783783,0.2684563758389262,0.25380067567567566,0.27375,0.2749155405405405,0.28885135135135137,0.27181208053691275,0.26174496644295303,0.2673141891891892,0.29940878378378377,0.2673141891891892,0.2596476510067114,0.29180743243243246,0.2634228187919463,0.27871621621621623,0.2964527027027027,0.2558724832214765,0.2922297297297297,0.2639358108108108,0.24458333333333335,0.2690033783783784,0.2660472972972973,0.2558724832214765,0.2873322147651007,0.27416666666666667,0.2939189189189189,0.25461409395973156,0.287751677852349,0.26875,0.27238175675675674,0.2541390728476821,0.30278716216216217,0.286493288590604,0.2639358108108108,0.24958053691275167,0.31334459459459457,0.2563344594594595,0.26971476510067116,0.26055743243243246,0.2799831081081081,0.30236486486486486,0.2719594594594595,0.2808277027027027,0.28547297297297297,0.26426174496644295,0.2571308724832215,0.251258389261745,0.274748322147651,0.2626689189189189,0.28040540540540543,0.2651006711409396,0.2833614864864865,0.28523489932885904,0.2575,0.24458333333333335,0.3049496644295302,0.2603476821192053,0.24366554054054054,0.28927364864864863,0.25416666666666665,0.28800675675675674,0.28547297297297297,0.27280405405405406,0.2562919463087248,0.22273489932885907,0.26815878378378377,0.2816722972972973,0.25844594594594594,0.2827181208053691,0.2529560810810811,0.3120777027027027,0.2643581081081081,0.26677852348993286,0.27684563758389263,0.2911073825503356
15,0.3091442953020134,0.3296979865771812,0.33192567567567566,0.30363175675675674,0.35346283783783783,0.33319256756756754,0.34395973154362414,0.3263422818791946,0.3146114864864865,0.3309563758389262,0.3572635135135135,0.3327702702702703,0.33994932432432434,0.3213087248322148,0.3158783783783784,0.0,0.2953020134228188,0.3171452702702703,0.2998310810810811,0.3310810810810811,0.35177364864864863,0.33699324324324326,0.31208053691275167,0.3104026845637584,0.3104026845637584,0.3276006711409396,0.3277027027027027,0.3196308724832215,0.313758389261745,0.3441722972972973,0.32221283783783783,0.32843959731543626,0.337248322147651,0.3441722972972973,0.33699324324324326,0.29541666666666666,0.33952702702702703,0.32875,0.30201342281879195,0.3187919463087248,0.32927852348993286,0.32802013422818793,0.3276006711409396,0.3137668918918919,0.3247466216216216,0.3572635135135135,0.3309563758389262,0.29949664429530204,0.34966216216216217,0.313758389261745,0.33403716216216217,0.32010135135135137,0.32466442953020136,0.30996621621621623,0.27791666666666665,0.3074664429530201,0.33598993288590606,0.305,0.3420608108108108,0.31583333333333335,0.3277027027027027,0.30996621621621623,0.32088926174496646,0.32559121621621623,0.31672297297297297,0.34018456375838924,0.3500844594594595,0.2973993288590604,0.3188344594594595,0.32263513513513514,0.32559121621621623,0.2989864864864865,0.3061655405405405,0.3225671140939597,0.2961409395973154,0.3129166666666667,0.32740066225165565,0.33699324324324326,0.32416666666666666,0.3146114864864865,0.3025,0.3276006711409396,0.33682885906040266,0.32305743243243246,0.3275,0.33530405405405406,0.33065878378378377,0.31334459459459457,0.3610641891891892,0.32305743243243246,0.3234797297297297,0.2986577181208054,0.3179530201342282,0.32298657718120805,0.32263513513513514,0.3559966216216216,0.35261824324324326,0.3258333333333333,0.30278716216216217,0.3091442953020134,0.33221476510067116,0.32390202702702703,0.3141778523489933,0.27208333333333334,0.3146114864864865,0.3433277027027027,0.3204166666666667,0.31841216216216217,0.337248322147651,0.3309563758389262,0.30194256756756754,0.34,0.33319256756756754,0.31630067567567566,0.32046979865771813,0.31711409395973156,0.3260135135135135,0.2785234899328859,0.3061655405405405,0.34815436241610737,0.3099832214765101,0.3464765100671141,0.31291946308724833,0.32088926174496646,0.3070469798657718,0.33614864864864863,0.3196308724832215,0.3309563758389262
