pattern_i,pattern_0,pattern_1,pattern_2,pattern_3,pattern_4,pattern_5,pattern_6,pattern_7
0,0.0,0.38958333333333334,0.35020661157024796,0.36088709677419356,0.3871951219512195,0.3645,0.38958333333333334,0.3837090163934426
1,0.38958333333333334,0.0,0.3623991935483871,0.3609375,0.32913306451612906,0.3723958333333333,0.3845766129032258,0.35
2,0.35020661157024796,0.3623991935483871,0.0,0.353125,0.376,0.38697916666666665,0.36673553719008267,0.3983050847457627
3,0.36088709677419356,0.3609375,0.353125,0.0,0.3435,0.3442622950819672,0.3790650406504065,0.36693548387096775
4,0.3871951219512195,0.32913306451612906,0.376,0.3435,0.0,0.41905737704918034,0.38481404958677684,0.38831967213114754
5,0.3645,0.3723958333333333,0.38697916666666665,0.3442622950819672,0.41905737704918034,0.0,0.39088114754098363,0.3949795081967213
6,0.38958333333333334,0.3845766129032258,0.36673553719008267,0.3790650406504065,0.38481404958677684,0.39088114754098363,0.0,0.35836693548387094
7,0.3837090163934426,0.35,0.3983050847457627,0.36693548387096775,0.38831967213114754,0.3949795081967213,0.35836693548387094,0.0
